#恒指成份股
00001
00002
00003
00004
00005
00006
00011
00012
00016
00017
00019
00023
00027
00066
00083
00101
00135
00144
00151
00175
00267
00293
00386
00388
00688
00700
00762
00823
00836
00857
00883
00939
00941
00992
01038
01044
01088
01109
01113
01299
01398
01880
01928
02018
02318
02319
02388
02628
03328
03988
#红筹股
00031
00081
00085
00103
00111
00119
00123
00124
00132
00133
00135
00144
00152
00154
00165
00171
00181
00207
00217
00218
00222
00230
00232
00257
00260
00267
00270
00281
00291
00297
00305
00308
00334
00337
00346
00363
00365
00368
00371
00392
00418
00420
00445
00499
00506
00517
00521
00560
00563
00570
00596
00604
00606
00611
00618
00629
00639
00641
00661
00687
00688
00697
00710
00730
00735
00755
00762
00798
00809
00812
00817
00828
00830
00836
00882
00883
00903
00906
00908
00925
00934
00941
00966
00969
00978
00981
00982
00992
00993
01045
01052
01058
01062
01070
01091
01109
01111
01114
01135
01148
01164
01175
01185
01193
01199
01203
01205
01206
01208
01230
01236
01249
01250
01258
01312
01313
01316
01329
01347
01522
01610
01639
01788
01811
01828
01848
01868
01883
01908
02099
02228
02299
02302
02319
02339
02362
02380
02388
02588
02666
02669
02886
03311
03320
03360
03366
03382
03663
03668
03808
03899
03989
06139
08016
08128
08138
08271
08310
08356
#蓝筹股
00001
00002
00003
00004
00005
00006
00011
00012
00016
00017
00019
00023
00027
00066
00083
00101
00135
00144
00151
00175
00267
00293
00386
00388
00688
00700
00762
00823
00836
00857
00883
00939
00941
00992
01038
01044
01088
01109
01113
01299
01398
01880
01928
02018
02318
02319
02388
02628
03328
03988
#国企股
00038
00042
00107
00161
00168
00177
00187
00300
00317
00323
00338
00347
00357
00358
00386
00390
00416
00438
00489
00525
00548
00549
00552
00553
00564
00568
00576
00579
00588
00598
00670
00694
00696
00719
00728
00747
00753
00763
00811
00814
00816
00840
00857
00874
00895
00902
00914
00916
00921
00939
00954
00956
00958
00980
00991
00995
00998
01000
01033
01053
01055
01057
01065
01066
01071
01072
01075
01088
01099
01103
01108
01122
01133
01138
01157
01171
01186
01202
01211
01265
01272
01288
01289
01292
01296
01330
01336
01339
01349
01353
01359
01375
01385
01398
01456
01459
01461
01476
01508
01513
01527
01528
01533
01543
01558
01577
01578
01588
01596
01599
01606
01618
01635
01658
01666
01708
01766
01776
01786
01798
01799
01800
01812
01816
01818
01819
01829
01858
01893
01898
01919
01958
01963
01988
02006
02009
02016
02039
02066
02068
02120
02196
02202
02208
02218
02238
02289
02308
02318
02328
02333
02338
02345
02355
02357
02386
02488
02600
02601
02607
02628
02698
02722
02727
02777
02799
02866
02868
02880
02883
02899
03323
03328
03330
03332
03355
03369
03378
03396
03399
03606
03618
03636
03678
03689
03698
03833
03866
03898
03903
03908
03948
03958
03968
03969
03983
03988
03993
03996
06030
06066
06099
06116
06122
06138
06178
06188
06189
06196
06198
06818
06826
06837
06839
06865
06866
06869
06881
06886
08045
08049
08058
08095
08106
08115
08139
08189
08197
08205
08211
08227
08235
08236
08243
08247
08249
08258
08273
08286
08301
08329
08348
#国企A+H股
00038
00042
00107
00168
00177
00187
00300
00317
00323
00338
00347
00358
00386
00390
00525
00548
00553
00564
00568
00588
00670
00719
00753
00763
00811
00857
00874
00895
00902
00914
00921
00939
00991
00995
00998
01033
01053
01055
01057
01065
01071
01072
01088
01108
01138
01157
01171
01186
01211
01288
01336
01375
01398
01513
01618
01635
01766
01776
01800
01812
01898
01919
01988
02009
02039
02196
02202
02208
02238
02318
02333
02338
02600
02601
02607
02611
02628
02727
02866
02880
02883
02899
03328
03606
03958
03968
03988
03993
06030
06099
06178
06818
06837
06881
06886
#中华香港内地
00135
00144
00151
00267
00291
00322
00386
00392
00688
00700
00728
00762
00813
00836
00857
00883
00939
00941
00960
00992
00998
01044
01088
01109
01114
01288
01398
01880
01988
02007
02318
02319
02328
02601
02628
03328
03333
03968
03988
06808
#恒生富时中国50
00267
00386
00390
00656
00688
00700
00728
00753
00762
00857
00883
00902
00914
00939
00941
00998
01088
01109
01186
01211
01288
01336
01339
01359
01398
01618
01658
01766
01776
01800
01816
01988
02007
02202
02238
02318
02328
02333
02601
02628
02727
02799
03328
03968
03988
06030
06818
06837
06881
06886
#恒生综合企业
00001
00019
00242
00267
00363
00656
00659
00882
03396
#恒生金融
00005
00011
00023
00109
00165
00279
00378
00388
00440
00665
00717
00721
00806
00931
00939
00966
00998
01019
01288
01299
01336
01339
01359
01375
01398
01428
01508
01606
01658
01776
01788
01963
01988
02318
02328
02356
02388
02601
02628
02666
02888
03328
03360
03618
03698
03908
03958
03968
03988
06030
06066
06099
06178
06818
06837
06878
06881
06886
#恒生地产建筑
00004
00010
00012
00014
00016
00017
00020
00035
00041
00081
00083
00095
00101
00119
00123
00163
00173
00232
00272
00337
00390
00404
00405
00410
00488
00563
00604
00607
00683
00687
00688
00750
00778
00798
00808
00813
00817
00823
00832
00884
00914
00960
00978
00996
01030
01098
01109
01113
01136
01186
01207
01238
01253
01313
01315
01387
01528
01618
01628
01668
01777
01800
01813
01829
01918
01966
01972
02007
02009
02128
02202
02233
02329
02768
02777
02778
02868
03301
03311
03323
03333
03377
03380
03383
03883
03900
87001
#恒生原材料
00245
00297
00323
00338
00347
00358
00976
01051
01205
01208
01333
01378
01636
01818
02168
02314
02600
02689
02899
03983
03993
#恒生消费品制造业
00116
00142
00151
00168
00175
00178
00179
00220
00256
00288
00291
00321
00322
00330
00336
00345
00425
00460
00489
00493
00494
00506
00546
00551
00570
00590
00606
00669
00709
00751
00775
00787
00853
00867
00874
00881
00950
01044
01066
01070
01086
01093
01099
01112
01114
01115
01117
01169
01177
01188
01196
01211
01230
01234
01293
01302
01316
01345
01358
01361
01368
01382
01389
01432
01458
01513
01530
01585
01610
01666
01681
01728
01828
01880
01886
01929
01958
01999
02005
02014
02020
02111
02186
02196
02199
02200
02222
02238
02298
02313
02319
02331
02333
02348
02607
02678
02877
03320
03331
03389
03606
03799
03813
03818
03836
03933
03998
06863
06896
#恒生能源
00135
00342
00386
00639
00857
00883
00933
00934
01033
01088
01171
01898
02386
02883
03899
06828
#恒生工业
00144
00148
00152
00177
00316
00317
00368
00382
00451
00468
00548
00576
00586
00598
00631
00636
00658
00729
00737
00819
00868
00906
00951
00968
01052
01138
01157
01199
01308
01685
01766
01882
01888
01919
02039
02208
02338
02343
02357
02382
02727
02866
02880
03339
03382
03393
03800
03808
03823
03898
#恒生消费者服务业
00027
00052
00066
00069
00102
00198
00200
00293
00308
00341
00419
00511
00525
00538
00547
00582
00670
00680
00694
00699
00727
00753
00848
00880
01055
01060
01128
01317
01371
01448
01509
01515
01661
01680
01778
01833
01848
01928
01970
02006
02282
02389
02588
02669
02869
03308
03886
06808
#恒生公用事业
00002
00003
00006
00182
00257
00270
00371
00384
00392
00579
00603
00686
00735
00816
00836
00855
00902
00916
00958
00991
01038
01071
01083
01193
01363
01381
01608
01811
01816
02380
02688
06136
#恒生资讯科技
00085
00241
00268
00285
00303
00327
00354
00400
00521
00522
00552
00696
00698
00700
00732
00763
00777
00799
00818
00861
00885
00981
00992
01236
01282
01297
01347
01357
01980
02018
02280
02342
02369
03336
03888
03969
06869
#恒生电讯
00008
00215
00315
00439
00728
00762
00941
01310
01883
#恒生可持续发展企业
00001
00002
00003
00004
00005
00006
00011
00012
00014
00016
00017
00019
00066
00069
00083
00101
00257
00293
00388
00494
00688
00823
00941
00992
01398
01972
02018
02388
03968
03988
#恒生香港35
00001
00002
00003
00004
00005
00006
00011
00012
00014
00016
00017
00019
00020
00023
00027
00066
00083
00101
00288
00293
00388
00494
00522
00551
00669
00823
00880
01038
01113
01128
01299
01928
01972
02282
02388
#恒生内地100
00135
00144
00151
00165
00168
00175
00220
00257
00267
00270
00291
00322
00363
00371
00384
00386
00390
00392
00460
00489
00586
00607
00656
00683
00688
00700
00728
00753
00762
00813
00836
00857
00867
00883
00902
00914
00916
00939
00941
00960
00966
00981
00992
00998
01044
01060
01088
01093
01099
01109
01114
01169
01177
01186
01193
01199
01211
01288
01336
01339
01359
01398
01658
01766
01776
01800
01816
01880
01929
01988
02007
02018
02020
02038
02202
02313
02318
02319
02328
02333
02380
02382
02601
02628
02688
02689
03328
03333
03377
03800
03888
03898
03968
03988
06030
06808
06837
06863
06881
06886
#恒生大型股
00001
00002
00003
00004
00005
00006
00010
00011
00012
00016
00017
00019
00020
00023
00027
00066
00069
00083
00101
00135
00144
00151
00175
00241
00257
00267
00270
00288
00291
00293
00322
00371
00384
00386
00388
00392
00494
00551
00607
00656
00659
00669
00683
00688
00700
00728
00762
00813
00823
00836
00857
00880
00883
00939
00941
00960
00966
00992
00998
01038
01044
01060
01088
01093
01109
01113
01114
01128
01169
01177
01193
01288
01299
01359
01378
01398
01658
01800
01880
01928
01929
01972
01988
02007
02018
02020
02282
02313
02318
02319
02328
02388
02601
02628
02688
02888
03311
03320
03328
03333
03799
03968
03988
06808
06837
#恒生中型股
00008
00014
00041
00119
00123
00142
00148
00152
00165
00168
00173
00177
00178
00179
00200
00215
00220
00242
00245
00272
00285
00297
00303
00308
00315
00316
00317
00330
00336
00338
00341
00345
00358
00363
00390
00400
00405
00410
00425
00439
00440
00460
00489
00493
00506
00511
00522
00552
00570
00576
00586
00590
00604
00606
00636
00658
00665
00670
00680
00694
00696
00699
00732
00737
00751
00753
00763
00777
00778
00787
00806
00817
00861
00867
00868
00881
00884
00902
00914
00916
00931
00933
00934
00958
00968
00981
00991
00996
01055
01066
01083
01099
01112
01117
01136
01171
01186
01199
01208
01211
01230
01282
01293
01308
01313
01315
01316
01333
01336
01339
01347
01357
01363
01382
01387
01432
01458
01508
01530
01668
01680
01766
01776
01788
01813
01816
01833
01882
01888
01898
01918
01919
01958
01970
01999
02038
02039
02128
02186
02199
02202
02238
02298
02314
02329
02333
02338
02356
02357
02380
02382
02386
02588
02600
02607
02689
02727
02777
02778
02877
02883
02899
03308
03323
03331
03360
03377
03380
03383
03396
03618
03698
03800
03808
03823
03886
03888
03898
03899
03900
03908
03969
06030
06099
06818
06863
06881
06886
87001
#恒生小型股
00035
00052
00081
00085
00095
00102
00109
00116
00163
00182
00198
00232
00256
00268
00279
00321
00323
00327
00337
00342
00347
00354
00368
00378
00382
00404
00419
00451
00468
00488
00521
00525
00538
00546
00547
00548
00563
00579
00582
00598
00603
00631
00639
00686
00687
00698
00709
00717
00721
00727
00729
00735
00750
00775
00798
00799
00808
00816
00818
00819
00832
00848
00853
00855
00874
00882
00885
00906
00950
00951
00976
00978
01019
01030
01033
01051
01052
01070
01071
01086
01098
01115
01138
01157
01188
01196
01205
01207
01234
01236
01238
01253
01297
01302
01310
01317
01345
01358
01361
01368
01371
01375
01381
01389
01428
01448
01509
01513
01515
01528
01585
01606
01608
01610
01618
01628
01636
01661
01666
01681
01685
01728
01777
01778
01811
01818
01828
01829
01848
01883
01886
01963
01966
01980
02005
02006
02009
02014
02111
02168
02196
02200
02208
02222
02233
02280
02331
02342
02343
02348
02369
02389
02666
02669
02678
02768
02866
02868
02869
02880
03301
03336
03339
03382
03389
03393
03606
03813
03818
03836
03883
03933
03958
03983
03993
03998
06066
06136
06178
06828
06869
06878
06896
#恒生高股息率
00002
00005
00006
00008
00011
00017
00019
00023
00083
00123
00178
00215
00303
00315
00386
00405
00494
00511
00551
00552
00590
00813
00817
00823
00836
00868
00883
00902
00939
00941
00991
01038
01288
01382
01398
01813
01880
01928
01988
02007
02168
02380
02386
02388
02778
03328
03618
03968
03988
06818
#预托证券
06288
06388
#含权证港股
00001
00002
00003
00004
00005
00006
00008
00011
00012
00013
00016
00017
00019
00023
00027
00066
00101
00119
00123
00135
00151
00152
00165
00168
00175
00200
00241
00257
00267
00268
00270
00288
00293
00308
00322
00330
00338
00347
00354
00358
00371
00384
00386
00388
00390
00460
00489
00493
00494
00522
00525
00566
00579
00590
00598
00604
00606
00656
00658
00669
00670
00688
00694
00696
00699
00700
00728
00729
00751
00753
00762
00763
00813
00816
00819
00823
00836
00857
00861
00867
00868
00874
00880
00883
00902
00914
00916
00939
00941
00958
00960
00966
00968
00981
00992
00998
01038
01044
01055
01060
01066
01071
01083
01088
01093
01099
01109
01113
01114
01128
01138
01157
01165
01169
01171
01177
01186
01193
01199
01211
01288
01299
01313
01336
01339
01359
01378
01398
01508
01515
01618
01658
01668
01766
01776
01788
01800
01816
01818
01833
01880
01898
01910
01918
01919
01928
01929
01958
01988
02007
02009
02018
02020
02038
02098
02202
02208
02238
02282
02318
02319
02328
02331
02333
02338
02357
02380
02382
02386
02388
02600
02601
02607
02628
02688
02689
02727
02777
02800
02822
02823
02828
02840
02866
02882
02883
02888
02899
03188
03311
03323
03328
03333
03377
03383
03606
03618
03800
03818
03888
03898
03908
03968
03988
03993
06030
06818
06823
06837
06881
06886
#港股通
00001
00002
00003
00004
00005
00006
00008
00010
00011
00012
00014
00016
00017
00019
00020
00023
00027
00035
00038
00041
00042
00066
00069
00081
00083
00095
00101
00107
00116
00119
00123
00135
00142
00144
00148
00151
00152
00163
00165
00168
00173
00175
00177
00178
00179
00198
00200
00215
00220
00241
00242
00245
00256
00257
00267
00268
00270
00272
00279
00285
00288
00291
00293
00297
00303
00308
00315
00316
00317
00321
00322
00323
00327
00330
00336
00337
00338
00341
00345
00347
00354
00358
00363
00368
00371
00378
00384
00386
00388
00390
00392
00400
00410
00419
00425
00439
00440
00451
00460
00468
00489
00493
00494
00506
00511
00522
00525
00546
00547
00548
00551
00552
00553
00563
00564
00570
00576
00579
00586
00588
00590
00598
00604
00606
00607
00636
00639
00656
00658
00659
00665
00669
00670
00680
00683
00688
00694
00696
00698
00699
00700
00709
00719
00721
00728
00729
00732
00735
00737
00751
00753
00762
00763
00775
00777
00787
00799
00806
00811
00813
00817
00819
00836
00853
00855
00857
00861
00867
00868
00874
00880
00881
00883
00884
00885
00895
00902
00914
00916
00921
00931
00933
00934
00939
00941
00951
00958
00960
00966
00968
00976
00978
00981
00991
00992
00995
00996
00998
01030
01033
01038
01044
01052
01055
01057
01060
01065
01066
01070
01071
01072
01083
01088
01093
01099
01108
01109
01112
01113
01114
01115
01117
01128
01136
01138
01157
01169
01171
01177
01186
01193
01196
01199
01205
01208
01211
01230
01234
01238
01282
01288
01293
01299
01302
01308
01310
01313
01315
01316
01317
01333
01336
01339
01347
01357
01359
01361
01363
01368
01375
01378
01381
01382
01387
01398
01432
01448
01458
01508
01513
01515
01528
01530
01606
01608
01610
01618
01628
01635
01636
01658
01666
01668
01680
01728
01766
01776
01777
01778
01788
01800
01811
01812
01813
01816
01818
01828
01833
01848
01880
01882
01883
01886
01888
01898
01918
01919
01928
01929
01958
01963
01966
01970
01972
01980
01988
01999
02005
02007
02009
02018
02020
02038
02039
02111
02128
02168
02186
02196
02199
02202
02208
02233
02238
02282
02298
02313
02314
02318
02319
02328
02329
02331
02333
02338
02356
02357
02369
02380
02382
02386
02388
02588
02600
02601
02607
02628
02666
02678
02688
02689
02727
02768
02777
02866
02869
02877
02880
02883
02888
02899
03301
03308
03311
03320
03323
03328
03331
03333
03339
03360
03377
03380
03382
03383
03396
03606
03618
03698
03799
03800
03808
03813
03818
03823
03836
03886
03888
03898
03899
03900
03908
03933
03958
03968
03969
03988
03993
03998
06030
06066
06099
06178
06808
06818
06837
06863
06881
06886
#港股通精选100
00001
00002
00003
00004
00005
00006
00008
00010
00011
00012
00014
00016
00017
00019
00020
00023
00027
00066
00069
00083
00101
00135
00144
00151
00165
00175
00220
00241
00257
00267
00270
00288
00291
00293
00322
00371
00384
00388
00392
00489
00494
00522
00551
00586
00607
00656
00659
00669
00683
00688
00700
00728
00762
00813
00836
00867
00880
00883
00941
00960
00966
00992
01038
01044
01060
01093
01099
01109
01113
01114
01128
01169
01177
01193
01199
01299
01359
01378
01658
01816
01880
01928
01929
01972
02007
02018
02020
02282
02313
02319
02328
02388
02688
02888
03311
03333
03377
03799
06808
06863
#深港通HK
00001
00002
00003
00004
00005
00006
00008
00010
00011
00012
00014
00016
00017
00019
00020
00023
00027
00035
00038
00041
00042
00066
00069
00081
00083
00095
00101
00107
00116
00119
00123
00135
00142
00144
00148
00151
00152
00163
00165
00168
00173
00175
00177
00178
00179
00198
00200
00215
00220
00241
00242
00245
00256
00257
00267
00268
00270
00272
00279
00285
00288
00291
00293
00297
00303
00308
00315
00316
00317
00321
00322
00323
00327
00330
00336
00337
00338
00341
00345
00347
00354
00358
00363
00368
00371
00378
00384
00386
00388
00390
00392
00400
00410
00419
00425
00439
00440
00451
00460
00468
00489
00493
00494
00506
00511
00522
00525
00546
00547
00548
00551
00552
00553
00563
00564
00570
00576
00579
00586
00588
00590
00598
00604
00606
00607
00636
00639
00656
00658
00659
00665
00669
00670
00680
00683
00688
00694
00696
00698
00699
00700
00709
00719
00721
00728
00729
00732
00735
00737
00751
00753
00762
00763
00775
00777
00787
00799
00806
00811
00813
00817
00819
00836
00853
00855
00857
00861
00867
00868
00874
00880
00881
00883
00884
00885
00895
00902
00914
00916
00921
00931
00933
00934
00939
00941
00951
00958
00960
00966
00968
00976
00978
00981
00991
00992
00995
00996
00998
01030
01033
01038
01044
01052
01055
01057
01060
01065
01066
01070
01071
01072
01083
01088
01093
01099
01108
01109
01112
01113
01114
01115
01117
01128
01136
01138
01157
01169
01171
01177
01186
01193
01196
01199
01205
01208
01211
01230
01234
01238
01282
01288
01293
01299
01302
01308
01310
01313
01315
01316
01317
01333
01336
01339
01347
01357
01359
01361
01363
01368
01375
01378
01381
01382
01387
01398
01432
01448
01458
01508
01513
01515
01528
01530
01606
01608
01610
01618
01628
01635
01636
01658
01666
01668
01680
01728
01766
01776
01777
01778
01788
01800
01811
01812
01813
01816
01818
01828
01833
01848
01880
01882
01883
01886
01888
01898
01918
01919
01928
01929
01958
01963
01966
01970
01972
01980
01988
01999
02005
02007
02009
02018
02020
02038
02039
02111
02128
02168
02186
02196
02199
02202
02208
02233
02238
02282
02298
02313
02314
02318
02319
02328
02329
02331
02333
02338
02356
02357
02369
02380
02382
02386
02388
02588
02600
02601
02607
02628
02666
02678
02688
02689
02727
02768
02777
02866
02869
02877
02880
02883
02888
02899
03301
03308
03311
03320
03323
03328
03331
03333
03339
03360
03377
03380
03382
03383
03396
03606
03618
03698
03799
03800
03808
03813
03818
03823
03836
03886
03888
03898
03899
03900
03908
03933
03958
03968
03969
03988
03993
03998
06030
06066
06099
06178
06808
06818
06837
06863
06881
06886
#沪港通HK
00001
00002
00003
00004
00005
00006
00008
00010
00011
00012
00014
00016
00017
00019
00020
00023
00027
00038
00041
00066
00069
00083
00101
00107
00119
00123
00135
00142
00144
00148
00151
00152
00165
00168
00173
00175
00177
00178
00179
00200
00215
00220
00241
00242
00245
00257
00267
00270
00272
00285
00288
00291
00293
00297
00303
00308
00315
00316
00317
00322
00323
00330
00336
00338
00341
00345
00358
00363
00371
00384
00386
00388
00390
00392
00400
00410
00425
00439
00440
00460
00489
00493
00494
00506
00511
00522
00525
00548
00551
00552
00553
00564
00570
00576
00586
00588
00590
00604
00606
00607
00636
00656
00658
00659
00665
00669
00670
00680
00683
00688
00694
00696
00699
00700
00728
00732
00737
00751
00753
00762
00777
00787
00806
00811
00813
00817
00836
00857
00861
00867
00868
00874
00880
00881
00883
00884
00902
00914
00916
00931
00933
00934
00939
00941
00958
00960
00966
00968
00981
00991
00992
00995
00996
00998
01033
01038
01044
01055
01060
01065
01066
01071
01072
01083
01088
01093
01099
01108
01109
01112
01113
01114
01117
01128
01136
01138
01169
01171
01177
01186
01193
01199
01208
01230
01282
01288
01293
01299
01308
01313
01315
01316
01333
01336
01339
01347
01357
01359
01363
01375
01378
01382
01387
01398
01432
01458
01508
01530
01618
01635
01658
01668
01680
01766
01788
01800
01813
01816
01833
01880
01882
01888
01898
01918
01919
01928
01929
01958
01970
01972
01988
01999
02007
02009
02018
02020
02038
02128
02186
02196
02199
02238
02282
02298
02313
02314
02318
02319
02328
02329
02333
02356
02357
02380
02382
02386
02388
02588
02600
02601
02607
02628
02688
02689
02727
02777
02866
02877
02880
02883
02888
02899
03308
03311
03320
03323
03328
03331
03333
03360
03377
03380
03383
03396
03606
03618
03698
03799
03800
03808
03823
03886
03888
03898
03899
03900
03908
03958
03968
03969
03988
03993
06030
06099
06178
06808
06818
06837
06863
06881
06886
#港股-内地房地产
00028
00029
00059
00095
00106
00108
00119
00123
00160
00169
00173
00214
00216
00217
00230
00231
00251
00258
00272
00283
00298
00313
00337
00352
00410
00488
00497
00498
00535
00563
00588
00600
00604
00610
00672
00680
00683
00687
00688
00726
00733
00736
00747
00754
00755
00798
00813
00817
00832
00845
00846
00859
00884
00896
00898
00917
00960
00983
00997
01064
01107
01109
01124
01125
01168
01176
01186
01207
01215
01224
01232
01233
01238
01278
01281
01369
01383
01387
01396
01618
01622
01628
01638
01663
01777
01813
01838
01862
01893
01918
01966
02007
02098
02118
02355
02777
02789
02868
03311
03333
03377
03380
03383
03639
03883
03900
08155
#港股-台资
00151
00157
00210
00220
00258
00319
00322
00334
00352
00360
00422
00425
00462
00469
00471
00482
00516
00531
00551
00645
00676
00743
00757
00885
00915
00990
01041
01079
01116
01129
01136
01163
01170
01223
01225
01808
01836
01868
01991
01997
02038
02317
02368
02398
02788
02878
03336
03999
06808
08041
08150
08179
08226
#港股-太阳能
00295
00397
00566
00686
00712
00750
00757
00868
00968
01165
02188
02468
02788
03800
#港股-风电
00182
00579
00735
00916
00956
00958
01072
01798
02188
02208
#港股-环保
00147
00202
00257
00309
00351
00371
00556
00579
00646
00735
00855
00871
00895
00923
00967
00979
00987
01065
01072
01129
01191
01296
01318
01330
01363
01395
02727
02789
03989
06136
08109
08128
08169
#港股-高铁
00066
00351
00390
00569
01186
01766
01800
03898
03969
#港股-页岩气
00135
00196
00206
00386
00568
00578
00702
00857
00883
00934
01080
01251
01555
01938
02178
03337
03899
#港股-博彩
00027
00070
00102
00200
00296
00326
00487
00555
00582
00628
00880
00959
01031
01128
01180
01280
01371
01680
01928
02282
03918
06883
08017
08071
08156
08198
08279
#港股-新能源汽车
00040
00176
00489
00729
00819
00951
01188
01211
02188
08082
#港股-涉矿
00024
00381
00402
00455
00610
00638
00668
00761
00899
02330
03668
08071
#港股-移动互联网
00008
00030
00215
00418
00543
00700
00728
00762
00777
00818
00862
00941
01094
01236
01883
02342
02369
03888
06823
08006
08007
08026
08047
08048
08106
08119
08131
08166
08178
08190
08266
#港股-阿里概念
00241
00376
00656
00980
01003
01060
01169
01297
01833
02318
08279
08368
#港股-腾讯概念
00136
00267
00319
00701
00922
01371
01448
01668
03888
08085
08296
#港股-电影娱乐
00027
00070
00200
00296
00326
00487
00557
00628
00703
00880
00959
01046
01060
01128
01132
01371
01928
01970
02282
03918
06883
06889
08017
08075
08202
08220
08228
#港股-网络游戏
00082
00434
00484
00555
00595
00700
00777
00799
01022
01049
01060
01980
06899
08081
08255
08267
#港股-苹果概念
00215
00315
00698
00856
02018
02038
02078
02382
03336
#港股-中信系
00241
00267
00998
01091
01205
01828
01883
06030
08172
#港股-外国公司
00486
00805
00847
00945
00973
00975
01316
01910
01913
02012
02378
03918
06288
06388
06889
#港股-次新股
00436
01272
01357
01420
01458
01460
01518
01523
01526
01536
01539
01547
01549
01559
01560
01569
01572
01573
01575
01577
01579
01580
01581
01583
01585
01586
01589
01591
01596
01606
01608
01609
01610
01611
01612
01617
01627
01629
01632
01633
01635
01637
01647
01656
01658
01660
01667
01885
01985
01989
02001
02017
02031
02113
02136
02166
02266
02278
02281
02588
02611
02633
02869
03306
03320
03395
03626
03686
03689
03768
03789
03869
03893
03958
06066
06068
06099
06122
06163
06169
06178
06189
06816
06858
08013
08023
08035
08039
08052
08056
08062
08069
08091
08102
08149
08157
08160
08161
08183
08187
08188
08221
08229
08231
08232
08240
08278
08280
08281
08283
08292
08293
08297
08300
08308
08309
08320
08321
08328
08333
08341
08342
08343
08346
08347
08349
08352
08353
08358
08360
08370
08407
08409
08410
08411
08412
08413
08415
08416
08417
08421
08423
08425
08428
08431
08432
08439
08442
08455
#港股-华润系
00291
00836
01109
01193
01313
#港股-长和系
00001
00006
00008
00215
00432
00775
01038
01113
02383
02638
06823
#港股-细价股
00007
00009
00021
00024
00030
00033
00036
00037
00048
00058
00063
00065
00076
00082
00091
00093
00110
00120
00128
00132
00139
00143
00145
00164
00167
00169
00172
00185
00188
00204
00205
00206
00209
00221
00223
00228
00231
00232
00235
00244
00248
00260
00261
00265
00269
00273
00274
00276
00280
00282
00299
00309
00310
00313
00339
00340
00343
00346
00348
00351
00353
00360
00361
00364
00370
00389
00391
00395
00397
00399
00401
00402
00412
00419
00431
00433
00444
00471
00476
00479
00482
00487
00491
00498
00499
00510
00515
00524
00526
00527
00542
00544
00554
00555
00559
00567
00575
00578
00582
00585
00600
00601
00612
00618
00619
00621
00622
00627
00630
00643
00646
00647
00648
00651
00653
00660
00661
00663
00666
00668
00673
00674
00682
00689
00690
00697
00702
00706
00712
00713
00720
00721
00724
00726
00730
00736
00745
00755
00757
00758
00759
00760
00766
00802
00809
00810
00812
00827
00835
00851
00860
00862
00865
00866
00872
00875
00876
00886
00887
00888
00893
00901
00910
00911
00913
00923
00926
00928
00936
00943
00953
00969
00975
00979
00985
00990
01004
01013
01019
01020
01026
01029
01041
01049
01063
01069
01080
01091
01094
01096
01101
01102
01106
01124
01130
01132
01143
01152
01173
01178
01182
01190
01194
01195
01210
01217
01225
01226
01227
01237
01241
01246
01247
01251
01262
01280
01303
01312
01327
01328
01332
01348
01371
01380
01387
01400
01421
01452
01468
01470
01520
01538
01549
01555
01613
01822
01823
01831
01889
01991
02031
02133
02178
02212
02310
02312
02326
02349
02358
02371
02389
02623
02668
02700
02878
02882
02898
03337
03628
03816
03823
03889
03893
08001
08003
08007
08009
08011
08013
08019
08020
08021
08022
08026
08028
08035
08037
08041
08046
08047
08050
08052
08055
08056
08060
08063
08066
08081
08082
08083
08085
08086
08087
08089
08092
08106
08109
08111
08112
08116
08117
08120
08121
08123
08128
08129
08130
08132
08135
08143
08148
08149
08153
08155
08156
08158
08161
08163
08165
08166
08171
08178
08179
08186
08187
08192
08193
08195
08198
08201
08202
08203
08205
08211
08212
08218
08220
08222
08226
08228
08238
08240
08249
08250
08256
08266
08269
08270
08271
08272
08286
08290
08292
08296
08300
08308
08315
08317
08320
08351
08356
08360
08368
#港股-核电
00611
01072
01133
01164
01816
02302
02727
#港股-军工
00031
00085
00161
00232
00317
00438
00553
00903
01045
01185
01292
01639
02357
02878
#港股-在线旅游
00308
00487
00678
01235
#港股-天然气
00135
00384
00386
00392
00839
00857
00883
01080
01083
01193
01938
02688
03337
03899
#港股-民营医院
00648
00662
00801
00874
01177
01515
01638
02196
03333
08143
#港股-LED
00515
00522
00595
00751
01184
01868
02222
03823
08150
08222
#港股-殡葬
00319
00701
00922
01438
01448
08082
08085
08296
#港股-小盘股
00037
00079
00136
00145
00263
00273
00339
00352
00356
00431
00491
00495
00573
00627
00692
00726
00736
00764
00767
00768
00770
00810
00943
00986
00993
01063
01064
01079
01159
01160
01227
02312
02668
08003
08010
08017
08021
08022
08041
08051
08053
08060
08063
08078
08079
08092
08100
08103
08106
08115
08117
08119
08131
08148
08159
08169
08171
08197
08198
08202
08205
08211
08212
08227
08235
08243
08247
08249
08253
08256
08258
08272
08273
08286
08301
08312
08321
08340
#港股-康健
00080
00397
00566
00653
00745
01019
01046
01063
01082
02324
03886
08021
08081
08086
08100
08120
08180
08250
08255
08260
08326
#港股-壳股
00036
00061
00102
00112
00122
00147
00191
00263
00264
00295
00351
00372
00439
00479
00499
00557
00600
00687
00706
00745
00864
00905
00931
00979
00983
01010
01102
01150
01160
01231
02183
02379
08007
08009
08071
08090
08148
08340
#港股-光大系
00165
00257
01848
06818
#港股-稀土永磁
00164
00358
00769
01208
03833
#港股-移动支付
00139
00327
00763
00818
00847
01385
01390
03315
08083
08106
#港股-智能穿戴
00698
00763
00992
02000
02018
02038
02200
02369
02618
#港股-婴童
00151
01005
01044
01086
01112
01117
01225
01230
01247
01259
01317
01361
01509
02020
02100
02255
02319
06863
08361
#港股-奶制品
01007
01117
01230
01431
01432
01717
02319
06863
#港股-奢侈品
00084
00116
00280
00398
00590
00887
00970
01856
01913
01929
03389
06388
#港股-体育
01361
01368
01661
01968
02020
02331
03322
03818
#港股-物流
00368
00598
00636
01292
01308
01803
03399
06123
08310
08348
#港股-航空
00293
00357
00670
00694
00753
01055
#港股-中广核
01164
01811
01816
#港股-中国建筑系
00081
00688
00830
03311
#港股-中粮系
00207
00506
00606
00906
02319
#港股-中航系
00161
00232
00260
02357
#港股-北京控股系
00154
00371
00384
00392
01250
08247
#港股-她经济
00333
01173
01388
01488
01520
02111
02199
02298
03709
08358
#港股-猪肉概念
00288
01068
01340
01699
#港股-OLED概念
00259
00438
00732
02878
#港股-股权转让
00136
00218
00245
00334
00559
00708
00715
00726
00812
00915
00980
00993
01003
01159
01281
01329
01365
01822
02336
02389
06880
08063
08172
08310
#港股-股权集中
00147
00157
00412
00963
01197
01243
01366
01372
01462
01561
01565
01568
01573
01632
02183
02399
03326
03638
03709
08012
08027
08127
08196
08217
08245
08293
08321
08331
08340
08352
08417
#港股-雄安新区
00371
00581
00882
00925
00956
01065
01265
01281
01893
01918
02009
02333
02868
03323
03333
03382
06166
08067
#港股-海航系
00042
00357
00442
00521
00687
00974
01626
02086
