#融资融券
0000001
0000002
0000006
0000009
0000012
0000022
0000027
0000028
0000030
0000031
0000039
0000043
0000046
0000049
0000050
0000060
0000061
0000062
0000063
0000069
0000078
0000088
0000089
0000090
0000099
0000100
0000151
0000156
0000157
0000166
0000333
0000338
0000400
0000401
0000402
0000404
0000413
0000415
0000417
0000418
0000422
0000423
0000425
0000426
0000488
0000501
0000503
0000506
0000513
0000516
0000525
0000528
0000531
0000536
0000537
0000538
0000539
0000540
0000541
0000543
0000550
0000551
0000552
0000554
0000559
0000563
0000565
0000566
0000568
0000572
0000581
0000592
0000596
0000598
0000600
0000607
0000616
0000623
0000625
0000626
0000630
0000631
0000650
0000651
0000655
0000656
0000661
0000665
0000667
0000671
0000680
0000685
0000686
0000690
0000697
0000700
0000708
0000709
0000712
0000718
0000719
0000725
0000726
0000728
0000729
0000731
0000732
0000738
0000739
0000750
0000758
0000761
0000762
0000767
0000768
0000776
0000777
0000778
0000783
0000786
0000788
0000789
0000790
0000792
0000793
0000800
0000801
0000807
0000811
0000812
0000816
0000823
0000825
0000826
0000828
0000829
0000830
0000839
0000848
0000851
0000858
0000860
0000868
0000869
0000876
0000877
0000878
0000883
0000887
0000895
0000897
0000898
0000899
0000900
0000901
0000902
0000905
0000915
0000917
0000921
0000926
0000928
0000930
0000937
0000938
0000939
0000957
0000960
0000961
0000963
0000966
0000969
0000970
0000973
0000975
0000977
0000979
0000983
0000988
0000989
0000996
0000997
0000998
0000999
0001696
0001896
0001979
0002001
0002004
0002005
0002007
0002008
0002011
0002016
0002022
0002023
0002024
0002025
0002028
0002029
0002030
0002032
0002038
0002041
0002042
0002048
0002049
0002050
0002051
0002055
0002056
0002063
0002064
0002065
0002067
0002070
0002071
0002073
0002078
0002079
0002081
0002091
0002092
0002093
0002095
0002099
0002104
0002106
0002108
0002117
0002118
0002128
0002129
0002130
0002138
0002140
0002142
0002146
0002148
0002151
0002152
0002153
0002154
0002158
0002161
0002176
0002179
0002181
0002183
0002185
0002190
0002191
0002202
0002203
0002204
0002221
0002223
0002229
0002230
0002233
0002236
0002237
0002241
0002242
0002244
0002250
0002251
0002252
0002261
0002262
0002266
0002267
0002268
0002269
0002271
0002273
0002275
0002276
0002277
0002281
0002285
0002287
0002292
0002293
0002294
0002299
0002302
0002304
0002307
0002308
0002310
0002311
0002313
0002317
0002318
0002325
0002340
0002344
0002353
0002355
0002367
0002368
0002369
0002371
0002372
0002375
0002378
0002385
0002393
0002396
0002399
0002400
0002401
0002405
0002407
0002408
0002410
0002414
0002415
0002416
0002419
0002424
0002428
0002429
0002431
0002437
0002439
0002440
0002444
0002450
0002456
0002460
0002461
0002465
0002467
0002470
0002474
0002475
0002476
0002482
0002493
0002500
0002501
0002508
0002518
0002521
0002524
0002538
0002556
0002557
0002561
0002563
0002570
0002573
0002574
0002577
0002579
0002588
0002594
0002595
0002603
0002642
0002646
0002648
0002653
0002662
0002673
0002681
0002701
0002736
0159901
0159902
0159903
0159915
0159919
0159920
0159925
0159928
0159938
0300001
0300002
0300003
0300005
0300010
0300014
0300015
0300017
0300020
0300024
0300026
0300027
0300034
0300039
0300053
0300055
0300058
0300059
0300065
0300070
0300072
0300074
0300077
0300079
0300088
0300090
0300093
0300104
0300115
0300122
0300124
0300128
0300133
0300146
0300147
0300157
0300168
0300170
0300191
0300199
0300202
0300203
0300205
0300212
0300216
0300226
0300251
0300253
0300257
0300273
0300274
0300315
0300355
0300498
1510010
1510050
1510160
1510180
1510230
1510300
1510310
1510330
1510500
1510810
1510880
1510900
1512070
1512500
1518880
1600000
1600004
1600006
1600007
1600008
1600009
1600010
1600011
1600015
1600016
1600017
1600018
1600019
1600020
1600021
1600022
1600023
1600026
1600027
1600028
1600029
1600030
1600031
1600033
1600036
1600037
1600038
1600039
1600048
1600050
1600056
1600058
1600059
1600060
1600061
1600062
1600063
1600064
1600066
1600067
1600068
1600073
1600077
1600078
1600079
1600085
1600086
1600088
1600089
1600094
1600096
1600098
1600100
1600104
1600107
1600108
1600109
1600110
1600111
1600112
1600113
1600115
1600116
1600118
1600119
1600120
1600123
1600125
1600132
1600135
1600138
1600139
1600141
1600143
1600146
1600149
1600150
1600151
1600153
1600155
1600157
1600158
1600160
1600161
1600166
1600168
1600169
1600170
1600171
1600175
1600176
1600177
1600183
1600185
1600186
1600187
1600188
1600193
1600196
1600197
1600198
1600199
1600200
1600201
1600206
1600208
1600209
1600210
1600216
1600218
1600219
1600220
1600221
1600222
1600223
1600229
1600237
1600239
1600240
1600251
1600252
1600256
1600257
1600259
1600260
1600261
1600266
1600267
1600269
1600270
1600271
1600273
1600276
1600277
1600284
1600285
1600288
1600289
1600292
1600293
1600297
1600298
1600300
1600307
1600309
1600310
1600312
1600315
1600316
1600318
1600320
1600321
1600323
1600325
1600329
1600330
1600331
1600332
1600333
1600335
1600336
1600337
1600340
1600343
1600348
1600350
1600352
1600354
1600362
1600363
1600366
1600369
1600372
1600373
1600376
1600377
1600380
1600382
1600383
1600386
1600387
1600388
1600389
1600391
1600392
1600395
1600398
1600406
1600409
1600410
1600415
1600416
1600418
1600422
1600426
1600433
1600435
1600436
1600446
1600449
1600456
1600458
1600459
1600460
1600466
1600467
1600470
1600478
1600481
1600482
1600483
1600485
1600486
1600489
1600490
1600491
1600495
1600497
1600498
1600499
1600500
1600502
1600503
1600509
1600511
1600515
1600516
1600517
1600518
1600519
1600521
1600522
1600523
1600525
1600526
1600528
1600535
1600536
1600537
1600543
1600545
1600547
1600548
1600549
1600551
1600557
1600559
1600563
1600566
1600568
1600570
1600572
1600575
1600578
1600580
1600582
1600583
1600584
1600585
1600587
1600588
1600592
1600594
1600595
1600596
1600597
1600600
1600601
1600604
1600606
1600609
1600611
1600612
1600614
1600616
1600620
1600624
1600626
1600633
1600635
1600637
1600639
1600640
1600642
1600643
1600645
1600648
1600649
1600651
1600652
1600653
1600654
1600655
1600660
1600661
1600662
1600663
1600664
1600667
1600668
1600673
1600674
1600676
1600677
1600684
1600686
1600688
1600690
1600692
1600694
1600699
1600702
1600703
1600704
1600705
1600707
1600711
1600716
1600717
1600718
1600720
1600722
1600728
1600729
1600730
1600737
1600739
1600740
1600741
1600742
1600743
1600744
1600747
1600748
1600750
1600751
1600755
1600756
1600757
1600759
1600761
1600765
1600770
1600771
1600773
1600775
1600776
1600777
1600783
1600787
1600789
1600790
1600795
1600797
1600800
1600801
1600802
1600803
1600804
1600805
1600807
1600808
1600809
1600811
1600815
1600816
1600820
1600823
1600825
1600826
1600827
1600830
1600831
1600835
1600837
1600838
1600839
1600844
1600846
1600851
1600855
1600859
1600863
1600867
1600868
1600872
1600873
1600874
1600875
1600877
1600879
1600880
1600881
1600884
1600886
1600887
1600893
1600894
1600895
1600900
1600919
1600958
1600967
1600970
1600971
1600976
1600978
1600987
1600993
1600998
1600999
1601000
1601001
1601002
1601006
1601009
1601012
1601018
1601021
1601038
1601088
1601098
1601099
1601101
1601107
1601111
1601117
1601118
1601126
1601139
1601155
1601158
1601166
1601168
1601169
1601179
1601186
1601199
1601211
1601216
1601218
1601225
1601229
1601231
1601238
1601258
1601288
1601311
1601318
1601328
1601333
1601336
1601369
1601377
1601388
1601390
1601398
1601515
1601519
1601555
1601566
1601588
1601600
1601601
1601607
1601608
1601618
1601628
1601633
1601666
1601668
1601669
1601678
1601688
1601699
1601717
1601718
1601727
1601766
1601777
1601788
1601789
1601800
1601801
1601808
1601818
1601857
1601866
1601872
1601877
1601880
1601886
1601888
1601898
1601899
1601901
1601919
1601928
1601929
1601933
1601939
1601958
1601985
1601988
1601989
1601991
1601992
1601996
1601997
1601998
1601999
1603000
1603001
1603169
1603188
1603369
1603766
1603993
#深债ETF
0159926
#中证500
0000006
0000012
0000021
0000025
0000028
0000031
0000049
0000050
0000062
0000066
0000078
0000089
0000090
0000099
0000158
0000400
0000401
0000417
0000418
0000426
0000488
0000501
0000513
0000517
0000519
0000528
0000541
0000543
0000547
0000552
0000563
0000566
0000572
0000581
0000587
0000592
0000596
0000598
0000600
0000612
0000616
0000620
0000631
0000636
0000652
0000656
0000661
0000667
0000669
0000680
0000681
0000685
0000690
0000697
0000703
0000723
0000726
0000727
0000758
0000761
0000762
0000777
0000786
0000806
0000810
0000816
0000825
0000829
0000830
0000848
0000860
0000861
0000869
0000877
0000878
0000897
0000919
0000926
0000930
0000931
0000937
0000939
0000959
0000960
0000961
0000969
0000970
0000973
0000975
0000979
0000988
0000997
0000998
0000999
0001696
0002001
0002002
0002004
0002005
0002011
0002013
0002018
0002019
0002022
0002025
0002028
0002029
0002030
0002038
0002041
0002048
0002050
0002051
0002056
0002063
0002064
0002073
0002078
0002092
0002093
0002106
0002118
0002122
0002123
0002128
0002155
0002161
0002168
0002176
0002179
0002190
0002191
0002194
0002217
0002221
0002223
0002233
0002238
0002242
0002244
0002249
0002250
0002251
0002254
0002261
0002266
0002268
0002269
0002271
0002273
0002276
0002277
0002281
0002285
0002308
0002309
0002311
0002315
0002317
0002325
0002327
0002332
0002340
0002342
0002344
0002345
0002353
0002354
0002358
0002366
0002368
0002371
0002373
0002375
0002384
0002390
0002392
0002396
0002399
0002400
0002405
0002407
0002408
0002410
0002414
0002416
0002422
0002428
0002431
0002437
0002439
0002440
0002444
0002460
0002463
0002477
0002479
0002482
0002489
0002491
0002498
0002503
0002505
0002508
0002512
0002544
0002551
0002572
0002573
0002581
0002588
0002589
0002595
0002602
0002603
0002635
0002640
0002642
0002646
0002657
0002663
0002665
0002670
0002672
0002681
0002690
0002698
0002699
0002701
0002707
0002727
0002745
0300001
0300010
0300026
0300032
0300039
0300043
0300055
0300088
0300113
0300115
0300122
0300134
0300136
0300147
0300156
0300159
0300166
0300199
0300202
0300244
0300253
0300257
0300266
0300273
0300274
0300287
0300291
0300296
0300297
0300324
1600006
1600017
1600022
1600026
1600039
1600053
1600056
1600058
1600059
1600062
1600064
1600067
1600073
1600079
1600086
1600088
1600094
1600098
1600108
1600112
1600120
1600122
1600125
1600138
1600141
1600143
1600151
1600158
1600160
1600161
1600166
1600169
1600171
1600175
1600176
1600180
1600183
1600184
1600187
1600195
1600198
1600200
1600201
1600216
1600219
1600220
1600240
1600251
1600259
1600260
1600266
1600267
1600270
1600277
1600280
1600282
1600284
1600289
1600291
1600292
1600298
1600300
1600307
1600312
1600315
1600316
1600325
1600329
1600335
1600338
1600348
1600351
1600366
1600380
1600388
1600392
1600395
1600397
1600409
1600410
1600416
1600418
1600422
1600425
1600426
1600428
1600433
1600435
1600436
1600458
1600460
1600466
1600468
1600478
1600481
1600483
1600487
1600496
1600497
1600499
1600500
1600503
1600511
1600516
1600517
1600521
1600522
1600525
1600528
1600536
1600537
1600545
1600551
1600557
1600563
1600565
1600572
1600575
1600580
1600584
1600586
1600587
1600594
1600596
1600597
1600600
1600601
1600611
1600614
1600618
1600628
1600633
1600635
1600639
1600640
1600643
1600645
1600651
1600655
1600657
1600664
1600673
1600682
1600687
1600694
1600699
1600717
1600720
1600729
1600736
1600743
1600748
1600750
1600751
1600755
1600757
1600759
1600765
1600770
1600773
1600776
1600787
1600790
1600801
1600805
1600808
1600809
1600811
1600823
1600825
1600826
1600831
1600835
1600848
1600850
1600851
1600859
1600862
1600863
1600864
1600869
1600872
1600874
1600879
1600880
1600881
1600884
1600894
1600917
1600967
1600970
1600971
1600978
1600981
1600993
1601000
1601001
1601002
1601010
1601012
1601016
1601168
1601231
1601233
1601311
1601678
1601689
1601699
1601717
1601777
1601801
1601880
1601886
1601908
1601929
1603001
1603005
1603019
1603025
1603077
1603169
1603188
1603198
1603328
1603355
1603369
1603377
1603528
1603555
1603567
1603568
1603589
1603698
1603766
1603806
1603866
1603868
1603883
#沪港通SH
1600000
1600004
1600006
1600007
1600008
1600009
1600010
1600011
1600012
1600015
1600016
1600017
1600018
1600019
1600020
1600021
1600023
1600026
1600027
1600028
1600029
1600030
1600031
1600033
1600036
1600037
1600038
1600039
1600048
1600050
1600053
1600054
1600056
1600060
1600061
1600062
1600063
1600064
1600066
1600068
1600073
1600074
1600077
1600079
1600081
1600085
1600086
1600089
1600093
1600094
1600098
1600100
1600101
1600104
1600105
1600109
1600111
1600112
1600113
1600114
1600115
1600116
1600118
1600119
1600120
1600122
1600123
1600125
1600135
1600138
1600141
1600143
1600150
1600153
1600157
1600158
1600160
1600161
1600162
1600166
1600169
1600170
1600171
1600172
1600173
1600175
1600176
1600177
1600180
1600183
1600185
1600188
1600195
1600196
1600197
1600200
1600201
1600206
1600208
1600210
1600216
1600219
1600221
1600226
1600236
1600239
1600240
1600251
1600252
1600255
1600256
1600257
1600260
1600261
1600266
1600267
1600269
1600270
1600271
1600273
1600276
1600277
1600278
1600280
1600282
1600284
1600285
1600289
1600292
1600295
1600297
1600298
1600299
1600300
1600305
1600309
1600310
1600312
1600315
1600318
1600323
1600325
1600326
1600327
1600329
1600332
1600335
1600337
1600340
1600343
1600348
1600350
1600351
1600352
1600362
1600363
1600366
1600369
1600372
1600373
1600376
1600377
1600380
1600383
1600386
1600387
1600388
1600391
1600395
1600396
1600397
1600398
1600399
1600400
1600405
1600406
1600409
1600410
1600415
1600416
1600418
1600420
1600422
1600426
1600428
1600433
1600435
1600436
1600438
1600439
1600446
1600458
1600459
1600460
1600466
1600468
1600477
1600481
1600482
1600483
1600485
1600486
1600487
1600489
1600490
1600491
1600495
1600496
1600497
1600498
1600499
1600500
1600501
1600502
1600503
1600507
1600511
1600516
1600517
1600518
1600519
1600521
1600522
1600525
1600526
1600527
1600528
1600531
1600535
1600536
1600537
1600547
1600548
1600549
1600551
1600552
1600557
1600559
1600562
1600563
1600565
1600566
1600567
1600568
1600570
1600571
1600572
1600577
1600578
1600580
1600582
1600583
1600584
1600585
1600586
1600587
1600588
1600594
1600596
1600597
1600600
1600604
1600606
1600611
1600612
1600613
1600614
1600617
1600623
1600624
1600626
1600633
1600634
1600635
1600637
1600639
1600640
1600641
1600642
1600643
1600645
1600648
1600649
1600650
1600651
1600654
1600655
1600657
1600660
1600661
1600662
1600663
1600664
1600666
1600667
1600668
1600673
1600674
1600676
1600682
1600684
1600685
1600686
1600687
1600688
1600690
1600694
1600697
1600699
1600703
1600704
1600705
1600708
1600711
1600717
1600718
1600720
1600729
1600730
1600736
1600737
1600739
1600741
1600742
1600743
1600748
1600750
1600754
1600755
1600756
1600757
1600761
1600763
1600765
1600770
1600773
1600775
1600776
1600783
1600787
1600795
1600803
1600804
1600807
1600808
1600809
1600811
1600814
1600816
1600818
1600820
1600823
1600824
1600825
1600826
1600827
1600828
1600829
1600830
1600831
1600835
1600837
1600839
1600845
1600846
1600850
1600856
1600859
1600862
1600863
1600864
1600867
1600869
1600871
1600872
1600873
1600874
1600875
1600876
1600879
1600881
1600884
1600885
1600886
1600887
1600888
1600891
1600893
1600894
1600895
1600897
1600900
1600917
1600958
1600959
1600965
1600967
1600970
1600973
1600975
1600978
1600981
1600986
1600987
1600988
1600990
1600993
1600999
1601000
1601001
1601002
1601006
1601009
1601010
1601012
1601015
1601016
1601018
1601020
1601021
1601038
1601058
1601069
1601088
1601098
1601099
1601107
1601111
1601118
1601126
1601127
1601139
1601155
1601158
1601166
1601168
1601169
1601186
1601198
1601199
1601208
1601211
1601216
1601218
1601222
1601231
1601233
1601238
1601288
1601311
1601313
1601318
1601328
1601333
1601336
1601368
1601375
1601377
1601390
1601398
1601515
1601555
1601567
1601588
1601600
1601601
1601607
1601608
1601611
1601618
1601628
1601633
1601636
1601666
1601668
1601669
1601678
1601688
1601689
1601699
1601700
1601717
1601718
1601727
1601766
1601777
1601788
1601789
1601799
1601800
1601801
1601808
1601811
1601818
1601857
1601866
1601872
1601877
1601880
1601881
1601886
1601888
1601890
1601898
1601899
1601901
1601908
1601919
1601928
1601933
1601939
1601958
1601968
1601985
1601988
1601989
1601991
1601992
1601998
1603000
1603008
1603019
1603025
1603077
1603108
1603111
1603116
1603118
1603126
1603128
1603168
1603169
1603188
1603198
1603288
1603306
1603308
1603328
1603338
1603339
1603355
1603368
1603369
1603508
1603528
1603567
1603568
1603588
1603589
1603599
1603600
1603609
1603618
1603669
1603686
1603698
1603699
1603737
1603766
1603798
1603806
1603818
1603861
1603866
1603868
1603883
1603885
1603898
1603899
1603939
1603979
1603989
1603993
1603997
#沪债ETF
1511010
1511210
1511220
#货币ETF
0159001
0159003
0159005
1511600
1511650
1511660
1511680
1511690
1511700
1511760
1511770
1511800
1511810
1511820
1511830
1511850
1511860
1511880
1511890
1511900
1511910
1511920
1511930
1511950
1511960
1511970
1511980
1511990
#黄金ETF
0159934
0159937
1518800
1518880
#跨境基金
0159920
0159941
0160125
0160216
0160416
0160717
0160719
0160922
0160923
0161116
0161124
0161125
0161126
0161127
0161128
0161129
0161210
0161229
0161714
0161815
0161831
0162411
0162415
0163208
0164701
0164705
0164815
0164906
0165510
0165513
1501018
1501021
1501023
1501025
1501029
1501300
1510900
1513030
1513050
1513100
1513500
1513600
1513660
#合格投资者债券
0111050
0111064
0111068
0111069
0112019
0112025
0112036
0112038
0112039
0112041
0112067
0112073
0112076
0112084
0112086
0112101
0112106
0112109
0112110
0112113
0112114
0112115
0112116
0112121
0112129
0112133
0112136
0112145
0112155
0112160
0112163
0112168
0112169
0112170
0112173
0112189
0112193
0112199
0112202
0112204
0112236
0112242
0112249
0112250
0112253
0112254
0112255
0112257
0112258
0112259
0112260
0112261
0112264
0112266
0112267
0112268
0112269
0112271
0112273
0112274
0112276
0112277
0112278
0112279
0112280
0112281
0112282
0112283
0112284
0112285
0112286
0112287
0112288
0112290
0112291
0112292
0112294
0112296
0112297
0112298
0112299
0112300
0112301
0112302
0112303
0112304
0112305
0112306
0112307
0112308
0112309
0112310
0112311
0112312
0112313
0112314
0112315
0112316
0112317
0112318
0112319
0112320
0112321
0112322
0112323
0112324
0112325
0112326
0112328
0112329
0112330
0112331
0112332
0112333
0112334
0112335
0112336
0112337
0112338
0112339
0112340
0112341
0112342
0112343
0112344
0112345
0112346
0112347
0112348
0112349
0112350
0112351
0112352
0112353
0112354
0112357
0112358
0112359
0112361
0112362
0112363
0112365
0112366
0112367
0112369
0112370
0112371
0112372
0112373
0112374
0112375
0112376
0112377
0112378
0112379
0112380
0112381
0112382
0112383
0112384
0112385
0112386
0112387
0112388
0112389
0112390
0112391
0112392
0112393
0112394
0112395
0112396
0112397
0112399
0112400
0112401
0112402
0112403
0112404
0112405
0112406
0112407
0112408
0112409
0112410
0112411
0112412
0112414
0112415
0112416
0112417
0112418
0112419
0112420
0112421
0112422
0112423
0112424
0112425
0112426
0112427
0112430
0112431
0112432
0112433
0112434
0112435
0112436
0112437
0112438
0112439
0112440
0112441
0112442
0112443
0112444
0112445
0112446
0112447
0112448
0112449
0112450
0112451
0112452
0112453
0112454
0112455
0112456
0112457
0112458
0112459
0112460
0112461
0112462
0112463
0112464
0112465
0112466
0112467
0112468
0112469
0112470
0112471
0112472
0112473
0112474
0112475
0112477
0112478
0112479
0112480
0112481
0112482
0112483
0112484
0112485
0112486
0112487
0112488
0112489
0112490
0112491
0112492
0112493
0112494
0112496
0112498
0112499
0112500
0112501
0112502
0112503
0112504
0112511
0120001
1120529
1122059
1122060
1122067
1122075
1122077
1122081
1122083
1122087
1122093
1122105
1122107
1122125
1122133
1122134
1122154
1122156
1122158
1122162
1122169
1122178
1122179
1122184
1122199
1122201
1122213
1122216
1122235
1122237
1122249
1122254
1122256
1122257
1122258
1122302
1122308
1122323
1122327
1122328
1122330
1122339
1122342
1122350
1122358
1122366
1122369
1122372
1122373
1122381
1122383
1122384
1122385
1122386
1122387
1122388
1122390
1122391
1122392
1122393
1122394
1122395
1122396
1122397
1122398
1122401
1122402
1122403
1122405
1122406
1122407
1122408
1122409
1122410
1122413
1122414
1122415
1122416
1122417
1122418
1122419
1122420
1122421
1122422
1122423
1122424
1122425
1122426
1122427
1122428
1122429
1122430
1122432
1122433
1122434
1122435
1122436
1122437
1122438
1122439
1122440
1122441
1122442
1122443
1122444
1122445
1122446
1122447
1122448
1122449
1122450
1122451
1122452
1122453
1122454
1122455
1122456
1122457
1122458
1122459
1122460
1122461
1122462
1122463
1122464
1122465
1122466
1122467
1122468
1122469
1122470
1122472
1122473
1122474
1122475
1122476
1122477
1122479
1122480
1122481
1122482
1122483
1122484
1122485
1122486
1122487
1122488
1122489
1122490
1122491
1122492
1122494
1122496
1122497
1122498
1122499
1122508
1122509
1122522
1122528
1122534
1122535
1122539
1122541
1122542
1122556
1122562
1122568
1122582
1122590
1122597
1122601
1122640
1122662
1122665
1122682
1122683
1122687
1122694
1122704
1122721
1122727
1122729
1122741
1122753
1122754
1122756
1122759
1122769
1122783
1122800
1122807
1122811
1122812
1122822
1122829
1122841
1122843
1122868
1122870
1122871
1122879
1122887
1122889
1122901
1122999
1124001
1124002
1124008
1124009
1124010
1124018
1124019
1124021
1124025
1124031
1124038
1124039
1124057
1124058
1124061
1124073
1124076
1124079
1124087
1124092
1124099
1124100
1124102
1124104
1124105
1124121
1124124
1124127
1124129
1124130
1124132
1124139
1124160
1124175
1124178
1124181
1124182
1124202
1124211
1124214
1124216
1124218
1124221
1124223
1124225
1124226
1124231
1124255
1124256
1124260
1124267
1124272
1124273
1124276
1124287
1124288
1124296
1124307
1124309
1124316
1124324
1124329
1124334
1124344
1124346
1124347
1124350
1124351
1124353
1124354
1124356
1124360
1124364
1124369
1124373
1124378
1124390
1124391
1124396
1124406
1124419
1124420
1124453
1124457
1124459
1124469
1124475
1124477
1124478
1124486
1124489
1124495
1124499
1124507
1124509
1124521
1124523
1124544
1124549
1124550
1124554
1124562
1124564
1124572
1124582
1124583
1124587
1124599
1124611
1124619
1124632
1124637
1124642
1124656
1124660
1124664
1124669
1124670
1124682
1124686
1124688
1124697
1124699
1124706
1124714
1124716
1124717
1124719
1124728
1124730
1124734
1124745
1124749
1124754
1124762
1124766
1124772
1124788
1124789
1124802
1124806
1124812
1124813
1124823
1124830
1124843
1124844
1124849
1124852
1124855
1124859
1124861
1124864
1124868
1124870
1124881
1124892
1124896
1124905
1124919
1124925
1124931
1124936
1124939
1124943
1124944
1124945
1124947
1124950
1124959
1124967
1124970
1124972
1124973
1124981
1124982
1124989
1127000
1127003
1127006
1127008
1127009
1127014
1127018
1127023
1127030
1127034
1127035
1127039
1127040
1127043
1127047
1127051
1127056
1127062
1127066
1127067
1127068
1127073
1127078
1127094
1127101
1127102
1127105
1127106
1127113
1127115
1127116
1127117
1127119
1127123
1127125
1127126
1127128
1127130
1127137
1127139
1127141
1127142
1127144
1127146
1127150
1127151
1127153
1127156
1127157
1127159
1127160
1127161
1127162
1127163
1127164
1127165
1127166
1127167
1127168
1127169
1127170
1127171
1127172
1127174
1127177
1127178
1127179
1127180
1127181
1127182
1127184
1127185
1127186
1127187
1127188
1127189
1127190
1127191
1127192
1127193
1127194
1127196
1127197
1127199
1127200
1127202
1127203
1127204
1127205
1127206
1127207
1127210
1127211
1127212
1127213
1127215
1127216
1127218
1127219
1127220
1127221
1127222
1127223
1127224
1127225
1127226
1127227
1127228
1127229
1127230
1127231
1127233
1127234
1127235
1127236
1127237
1127238
1127239
1127240
1127242
1127243
1127245
1127246
1127247
1127249
1127250
1127251
1127252
1127253
1127255
1127256
1127257
1127258
1127259
1127260
1127261
1127262
1127263
1127264
1127265
1127266
1127267
1127268
1127269
1127270
1127271
1127272
1127273
1127274
1127275
1127276
1127277
1127278
1127279
1127280
1127281
1127283
1127284
1127285
1127286
1127287
1127288
1127290
1127291
1127295
1127297
1127298
1127299
1127300
1127302
1127303
1127304
1127305
1127306
1127307
1127308
1127309
1127310
1127311
1127312
1127314
1127315
1127316
1127317
1127319
1127320
1127321
1127322
1127323
1127324
1127329
1127330
1127331
1127332
1127333
1127334
1127335
1127336
1127337
1127338
1127339
1127340
1127341
1127342
1127344
1127345
1127346
1127347
1127348
1127349
1127350
1127351
1127352
1127353
1127354
1127355
1127356
1127357
1127358
1127359
1127360
1127361
1127363
1127364
1127365
1127366
1127367
1127368
1127369
1127370
1127372
1127373
1127374
1127375
1127376
1127377
1127378
1127379
1127380
1127381
1127382
1127383
1127384
1127385
1127387
1127388
1127390
1127391
1127392
1127393
1127394
1127395
1127396
1127397
1127398
1127399
1127400
1127401
1127402
1127403
1127404
1127405
1127406
1127407
1127408
1127409
1127410
1127411
1127412
1127414
1127416
1127417
1127418
1127419
1127420
1127422
1127424
1127425
1127426
1127427
1127428
1127432
1127434
1127436
1127437
1127438
1127439
1127440
1127441
1127443
1127445
1127446
1127447
1127448
1127449
1127455
1127456
1127457
1127458
1127459
1127463
1127464
1127469
1127471
1127473
1132006
1132007
1136000
1136001
1136003
1136004
1136005
1136006
1136007
1136008
1136009
1136010
1136012
1136013
1136014
1136015
1136016
1136017
1136019
1136020
1136021
1136022
1136023
1136024
1136025
1136026
1136027
1136028
1136029
1136030
1136031
1136032
1136033
1136035
1136036
1136037
1136038
1136039
1136040
1136041
1136042
1136043
1136044
1136045
1136046
1136047
1136048
1136049
1136050
1136051
1136052
1136053
1136056
1136057
1136058
1136059
1136060
1136062
1136063
1136065
1136066
1136067
1136068
1136069
1136070
1136071
1136072
1136073
1136074
1136075
1136076
1136077
1136078
1136079
1136080
1136081
1136082
1136083
1136084
1136085
1136086
1136087
1136088
1136089
1136090
1136091
1136092
1136093
1136094
1136095
1136096
1136097
1136098
1136099
1136100
1136101
1136102
1136103
1136104
1136105
1136106
1136107
1136109
1136110
1136111
1136112
1136113
1136114
1136115
1136116
1136117
1136118
1136119
1136120
1136121
1136122
1136123
1136124
1136125
1136126
1136127
1136128
1136129
1136130
1136131
1136132
1136134
1136135
1136136
1136137
1136138
1136139
1136140
1136141
1136142
1136143
1136144
1136145
1136146
1136147
1136148
1136149
1136150
1136151
1136152
1136153
1136154
1136155
1136156
1136157
1136158
1136160
1136161
1136162
1136163
1136164
1136165
1136166
1136167
1136168
1136169
1136170
1136171
1136172
1136173
1136174
1136175
1136176
1136177
1136178
1136179
1136180
1136181
1136182
1136183
1136184
1136185
1136186
1136187
1136188
1136189
1136190
1136191
1136192
1136193
1136194
1136195
1136196
1136197
1136198
1136199
1136200
1136201
1136202
1136203
1136204
1136205
1136206
1136207
1136208
1136209
1136210
1136211
1136212
1136213
1136214
1136217
1136218
1136219
1136220
1136221
1136222
1136223
1136224
1136225
1136226
1136227
1136229
1136230
1136231
1136232
1136233
1136234
1136235
1136236
1136237
1136238
1136239
1136240
1136241
1136242
1136243
1136244
1136245
1136246
1136247
1136248
1136249
1136250
1136251
1136252
1136253
1136254
1136255
1136256
1136257
1136258
1136259
1136260
1136261
1136262
1136263
1136264
1136265
1136266
1136267
1136268
1136269
1136270
1136271
1136272
1136273
1136274
1136275
1136276
1136277
1136278
1136279
1136280
1136281
1136282
1136283
1136284
1136285
1136286
1136287
1136288
1136289
1136290
1136291
1136292
1136293
1136294
1136295
1136296
1136297
1136298
1136299
1136300
1136301
1136302
1136303
1136304
1136305
1136306
1136307
1136308
1136309
1136310
1136311
1136312
1136313
1136314
1136315
1136316
1136317
1136318
1136319
1136320
1136321
1136322
1136323
1136324
1136325
1136326
1136327
1136328
1136329
1136330
1136331
1136332
1136334
1136335
1136336
1136337
1136338
1136339
1136340
1136341
1136342
1136343
1136344
1136345
1136346
1136347
1136348
1136349
1136350
1136351
1136352
1136353
1136354
1136355
1136356
1136358
1136360
1136361
1136362
1136363
1136364
1136365
1136366
1136367
1136368
1136369
1136370
1136371
1136372
1136374
1136375
1136376
1136377
1136378
1136379
1136380
1136382
1136383
1136384
1136385
1136386
1136387
1136388
1136389
1136390
1136391
1136393
1136394
1136396
1136397
1136398
1136399
1136400
1136401
1136402
1136403
1136404
1136405
1136406
1136407
1136408
1136411
1136412
1136414
1136415
1136416
1136417
1136418
1136419
1136420
1136421
1136422
1136424
1136425
1136427
1136429
1136430
1136431
1136432
1136433
1136434
1136435
1136436
1136438
1136439
1136440
1136441
1136442
1136443
1136445
1136447
1136448
1136449
1136450
1136451
1136452
1136453
1136454
1136455
1136456
1136457
1136458
1136459
1136460
1136461
1136462
1136463
1136464
1136465
1136466
1136467
1136468
1136469
1136470
1136471
1136472
1136473
1136474
1136475
1136477
1136478
1136479
1136480
1136481
1136482
1136483
1136484
1136485
1136486
1136487
1136488
1136489
1136490
1136491
1136492
1136494
1136495
1136496
1136497
1136498
1136499
1136500
1136501
1136502
1136503
1136504
1136505
1136506
1136507
1136508
1136509
1136510
1136511
1136512
1136514
1136515
1136516
1136517
1136518
1136519
1136520
1136521
1136522
1136523
1136524
1136525
1136526
1136527
1136528
1136529
1136531
1136532
1136533
1136534
1136535
1136536
1136537
1136538
1136539
1136540
1136541
1136542
1136543
1136544
1136545
1136546
1136547
1136548
1136549
1136550
1136551
1136552
1136553
1136554
1136555
1136556
1136557
1136558
1136559
1136560
1136561
1136562
1136563
1136564
1136565
1136566
1136567
1136568
1136569
1136570
1136571
1136572
1136573
1136574
1136575
1136576
1136577
1136578
1136579
1136580
1136581
1136582
1136583
1136584
1136585
1136586
1136587
1136588
1136589
1136590
1136591
1136592
1136593
1136594
1136595
1136596
1136597
1136598
1136599
1136600
1136601
1136602
1136603
1136604
1136605
1136606
1136607
1136608
1136609
1136610
1136612
1136613
1136614
1136615
1136616
1136617
1136619
1136620
1136621
1136622
1136623
1136624
1136625
1136626
1136627
1136628
1136629
1136630
1136631
1136632
1136633
1136634
1136635
1136636
1136637
1136638
1136639
1136640
1136641
1136642
1136643
1136644
1136645
1136646
1136647
1136648
1136649
1136650
1136651
1136652
1136653
1136654
1136657
1136660
1136661
1136662
1136663
1136664
1136665
1136666
1136667
1136668
1136669
1136670
1136671
1136672
1136673
1136674
1136675
1136676
1136677
1136678
1136679
1136680
1136681
1136682
1136683
1136684
1136685
1136686
1136687
1136688
1136689
1136690
1136692
1136693
1136694
1136695
1136696
1136697
1136698
1136699
1136700
1136701
1136702
1136703
1136704
1136705
1136706
1136707
1136708
1136709
1136710
1136711
1136712
1136713
1136714
1136715
1136716
1136718
1136719
1136720
1136721
1136722
1136723
1136724
1136725
1136726
1136727
1136728
1136729
1136730
1136731
1136732
1136733
1136734
1136735
1136736
1136737
1136738
1136739
1136741
1136742
1136743
1136744
1136745
1136746
1136747
1136748
1136749
1136750
1136751
1136752
1136753
1136754
1136755
1136756
1136757
1136758
1136759
1136760
1136762
1136763
1136764
1136765
1136766
1136767
1136768
1136769
1136770
1136771
1136772
1136773
1136774
1136775
1136776
1136777
1136778
1136779
1136780
1136781
1136782
1136783
1136784
1136786
1136787
1136788
1136789
1136790
1136791
1136792
1136793
1136794
1136796
1136797
1136798
1136799
1136800
1136801
1136802
1136803
1136804
1136805
1136806
1136807
1136808
1136809
1136810
1136811
1136812
1136813
1136814
1136815
1136816
1136817
1136818
1136819
1136820
1136821
1136822
1136823
1136824
1136825
1136826
1136827
1136830
1136831
1136832
1136835
1136836
1136837
1136838
1136839
1136840
1136842
1136843
1136845
1136847
1136850
1136851
1136852
1136853
1136854
1136855
1136856
1136857
1136859
1136860
1136861
1136863
1136864
1136865
1136866
1136867
1136868
1136869
1136870
1136871
1136872
1136873
1136874
1136875
1136877
1136879
1136880
1136881
1136882
1136883
1136884
1136886
1136887
1136888
1136889
1136892
1136893
1136894
1136895
1136896
1136897
1136898
1136970
1136972
1136974
1136977
1136979
1136980
1136981
1136982
1136983
1136985
1136986
1136987
1136989
1136991
1136992
1136993
1136994
1136995
1136996
1136997
1136998
1136999
1143001
1143004
1143005
1143006
1143007
1143008
1143009
1143010
1143011
1143012
1143013
1143015
1143016
1143017
1143019
1143020
1143021
1143023
1143024
1143025
1143027
1143028
1143030
1143031
1143032
1143033
1143034
1143035
1143036
1143037
1143038
1143039
1143040
1143041
1143042
1143043
1143044
1143045
1143047
1143049
1143050
1143051
1143052
1143053
1143054
1143055
1143056
1143057
1143058
1143059
1143061
1143062
1143065
1143067
1143068
1143069
1143070
1143071
#深证成指
0000001
0000002
0000006
0000008
0000009
0000012
0000021
0000027
0000028
0000031
0000034
0000039
0000046
0000049
0000050
0000059
0000060
0000061
0000062
0000063
0000066
0000069
0000078
0000088
0000089
0000090
0000099
0000100
0000156
0000157
0000158
0000166
0000333
0000338
0000400
0000402
0000413
0000415
0000423
0000425
0000426
0000488
0000503
0000513
0000516
0000518
0000519
0000538
0000539
0000540
0000541
0000543
0000547
0000555
0000558
0000559
0000563
0000566
0000568
0000581
0000587
0000592
0000598
0000600
0000601
0000620
0000623
0000625
0000627
0000630
0000650
0000651
0000656
0000661
0000667
0000671
0000681
0000685
0000686
0000687
0000690
0000697
0000709
0000712
0000718
0000725
0000727
0000728
0000729
0000732
0000733
0000738
0000750
0000751
0000758
0000762
0000766
0000768
0000776
0000777
0000778
0000783
0000786
0000792
0000793
0000795
0000800
0000801
0000806
0000807
0000810
0000825
0000826
0000829
0000839
0000848
0000851
0000858
0000860
0000869
0000875
0000876
0000878
0000882
0000883
0000887
0000895
0000898
0000901
0000902
0000917
0000926
0000930
0000937
0000938
0000939
0000957
0000959
0000960
0000961
0000963
0000969
0000970
0000973
0000975
0000977
0000979
0000983
0000987
0000988
0000997
0000998
0000999
0001696
0001979
0002001
0002002
0002004
0002005
0002007
0002008
0002010
0002013
0002018
0002019
0002022
0002023
0002024
0002025
0002027
0002030
0002031
0002036
0002038
0002041
0002043
0002044
0002047
0002048
0002049
0002050
0002051
0002052
0002055
0002056
0002063
0002065
0002067
0002073
0002074
0002075
0002078
0002081
0002085
0002089
0002092
0002095
0002099
0002104
0002106
0002108
0002121
0002123
0002128
0002129
0002130
0002131
0002138
0002142
0002143
0002145
0002146
0002151
0002152
0002153
0002155
0002156
0002157
0002161
0002168
0002174
0002176
0002179
0002180
0002183
0002185
0002190
0002191
0002195
0002197
0002202
0002217
0002221
0002223
0002224
0002229
0002230
0002236
0002237
0002241
0002242
0002244
0002245
0002249
0002250
0002252
0002261
0002266
0002268
0002271
0002273
0002276
0002280
0002281
0002284
0002285
0002292
0002294
0002298
0002299
0002303
0002304
0002308
0002310
0002311
0002318
0002325
0002326
0002329
0002340
0002343
0002353
0002354
0002358
0002366
0002368
0002371
0002373
0002375
0002384
0002385
0002390
0002396
0002399
0002400
0002405
0002407
0002410
0002411
0002413
0002414
0002415
0002416
0002421
0002422
0002424
0002426
0002428
0002429
0002431
0002432
0002437
0002439
0002440
0002444
0002445
0002450
0002456
0002460
0002463
0002465
0002466
0002467
0002470
0002471
0002474
0002475
0002477
0002481
0002482
0002488
0002489
0002491
0002493
0002498
0002500
0002501
0002505
0002508
0002512
0002517
0002522
0002544
0002550
0002555
0002563
0002568
0002570
0002572
0002573
0002577
0002583
0002588
0002589
0002594
0002595
0002600
0002602
0002603
0002610
0002619
0002624
0002625
0002630
0002631
0002635
0002640
0002642
0002643
0002653
0002657
0002663
0002665
0002668
0002672
0002673
0002681
0002690
0002695
0002699
0002701
0002703
0002709
0002714
0002716
0002717
0002721
0002736
0002739
0002751
0002773
0002782
0002797
0300001
0300002
0300003
0300009
0300010
0300011
0300012
0300014
0300015
0300017
0300020
0300024
0300026
0300027
0300032
0300033
0300036
0300037
0300043
0300053
0300055
0300058
0300059
0300068
0300070
0300072
0300073
0300075
0300077
0300078
0300079
0300083
0300085
0300088
0300090
0300096
0300098
0300101
0300104
0300113
0300115
0300116
0300118
0300122
0300124
0300133
0300134
0300136
0300142
0300144
0300146
0300147
0300156
0300159
0300166
0300168
0300170
0300178
0300182
0300185
0300188
0300191
0300197
0300199
0300202
0300203
0300207
0300212
0300216
0300221
0300222
0300226
0300228
0300238
0300244
0300251
0300253
0300257
0300266
0300267
0300271
0300273
0300274
0300287
0300291
0300292
0300294
0300296
0300310
0300315
0300324
0300336
0300339
0300347
0300352
0300355
0300359
0300364
0300367
0300368
0300369
0300377
0300383
0300386
0300408
0300413
0300418
0300431
0300432
0300433
0300458
0300474
0300496
0300498
0300506
0300512
0300516
#转融券
0000001
0000002
0000006
0000009
0000012
0000027
0000028
0000031
0000039
0000043
0000046
0000049
0000050
0000060
0000061
0000062
0000063
0000069
0000078
0000088
0000089
0000099
0000100
0000151
0000156
0000157
0000333
0000338
0000400
0000401
0000402
0000410
0000413
0000415
0000417
0000422
0000423
0000425
0000426
0000501
0000503
0000506
0000511
0000513
0000516
0000525
0000528
0000536
0000537
0000538
0000539
0000540
0000541
0000543
0000550
0000551
0000552
0000554
0000559
0000563
0000566
0000568
0000572
0000581
0000592
0000596
0000598
0000607
0000616
0000623
0000625
0000629
0000630
0000631
0000650
0000651
0000655
0000661
0000667
0000671
0000680
0000685
0000686
0000690
0000693
0000697
0000709
0000712
0000718
0000725
0000728
0000729
0000731
0000732
0000738
0000739
0000748
0000750
0000758
0000761
0000762
0000768
0000776
0000777
0000778
0000780
0000783
0000786
0000788
0000789
0000790
0000792
0000793
0000800
0000801
0000807
0000811
0000812
0000816
0000823
0000825
0000826
0000829
0000830
0000831
0000839
0000848
0000851
0000858
0000860
0000868
0000869
0000876
0000877
0000878
0000883
0000887
0000895
0000897
0000898
0000901
0000905
0000915
0000917
0000921
0000926
0000930
0000933
0000937
0000938
0000939
0000960
0000961
0000962
0000963
0000968
0000969
0000970
0000973
0000975
0000977
0000979
0000983
0000988
0000989
0000996
0000997
0000998
0000999
0002001
0002004
0002005
0002007
0002008
0002011
0002016
0002022
0002023
0002024
0002025
0002028
0002029
0002030
0002038
0002041
0002048
0002049
0002050
0002051
0002055
0002056
0002063
0002064
0002065
0002067
0002069
0002070
0002073
0002078
0002079
0002081
0002091
0002092
0002093
0002095
0002104
0002106
0002108
0002117
0002118
0002128
0002129
0002130
0002138
0002140
0002142
0002146
0002148
0002151
0002152
0002153
0002154
0002158
0002161
0002176
0002179
0002181
0002183
0002185
0002190
0002191
0002202
0002203
0002204
0002219
0002221
0002223
0002229
0002230
0002233
0002236
0002237
0002241
0002242
0002244
0002250
0002251
0002252
0002261
0002262
0002266
0002267
0002268
0002269
0002273
0002275
0002276
0002277
0002281
0002285
0002287
0002292
0002293
0002294
0002299
0002304
0002307
0002308
0002310
0002311
0002312
0002313
0002317
0002318
0002325
0002340
0002344
0002353
0002355
0002368
0002369
0002371
0002375
0002378
0002385
0002393
0002396
0002399
0002400
0002401
0002405
0002407
0002408
0002410
0002414
0002415
0002416
0002419
0002423
0002424
0002428
0002429
0002431
0002437
0002439
0002440
0002444
0002450
0002456
0002460
0002461
0002465
0002467
0002470
0002474
0002475
0002476
0002482
0002490
0002493
0002500
0002501
0002508
0002518
0002524
0002556
0002570
0002571
0002573
0002574
0002577
0002579
0002594
0002603
0002642
0002646
0002648
0002653
0002673
0002681
0002701
0300001
0300002
0300003
0300005
0300010
0300014
0300015
0300017
0300020
0300024
0300026
0300027
0300034
0300039
0300052
0300053
0300055
0300058
0300059
0300065
0300070
0300072
0300074
0300077
0300079
0300088
0300090
0300093
0300104
0300115
0300122
0300124
0300128
0300133
0300134
0300146
0300147
0300152
0300157
0300168
0300170
0300191
0300199
0300202
0300203
0300205
0300212
0300216
0300226
0300228
0300251
0300253
0300257
0300273
0300274
0300315
0300355
1600000
1600006
1600007
1600008
1600009
1600010
1600011
1600015
1600016
1600017
1600018
1600019
1600021
1600022
1600023
1600026
1600027
1600028
1600029
1600030
1600031
1600036
1600037
1600038
1600039
1600048
1600050
1600056
1600058
1600059
1600060
1600062
1600063
1600066
1600067
1600068
1600073
1600077
1600078
1600079
1600085
1600086
1600088
1600089
1600094
1600096
1600098
1600100
1600104
1600107
1600108
1600109
1600110
1600111
1600112
1600113
1600115
1600116
1600118
1600119
1600120
1600123
1600125
1600132
1600135
1600138
1600139
1600141
1600143
1600146
1600149
1600150
1600151
1600153
1600155
1600157
1600158
1600160
1600161
1600166
1600169
1600170
1600171
1600175
1600176
1600177
1600179
1600183
1600185
1600186
1600187
1600188
1600193
1600196
1600197
1600198
1600199
1600200
1600201
1600206
1600208
1600209
1600210
1600216
1600218
1600219
1600220
1600221
1600222
1600223
1600225
1600229
1600230
1600237
1600239
1600240
1600251
1600252
1600256
1600257
1600259
1600260
1600261
1600266
1600267
1600270
1600271
1600276
1600277
1600285
1600288
1600289
1600292
1600293
1600298
1600300
1600307
1600309
1600311
1600312
1600315
1600316
1600318
1600320
1600321
1600323
1600325
1600329
1600330
1600331
1600332
1600333
1600335
1600336
1600340
1600343
1600348
1600350
1600352
1600354
1600362
1600363
1600366
1600369
1600372
1600373
1600375
1600376
1600377
1600380
1600382
1600383
1600386
1600387
1600388
1600389
1600390
1600391
1600392
1600395
1600406
1600409
1600410
1600415
1600416
1600418
1600422
1600425
1600426
1600432
1600433
1600435
1600436
1600446
1600449
1600456
1600458
1600459
1600460
1600467
1600470
1600478
1600481
1600482
1600483
1600486
1600489
1600490
1600491
1600495
1600497
1600498
1600499
1600500
1600502
1600503
1600509
1600515
1600516
1600517
1600518
1600519
1600521
1600522
1600523
1600525
1600526
1600528
1600535
1600536
1600537
1600543
1600545
1600546
1600547
1600549
1600551
1600557
1600559
1600563
1600566
1600568
1600570
1600572
1600575
1600578
1600580
1600582
1600583
1600584
1600585
1600587
1600588
1600592
1600594
1600595
1600596
1600597
1600600
1600601
1600604
1600606
1600609
1600611
1600614
1600616
1600620
1600624
1600626
1600633
1600635
1600636
1600637
1600639
1600640
1600642
1600643
1600645
1600648
1600649
1600651
1600652
1600653
1600654
1600655
1600660
1600661
1600662
1600663
1600664
1600667
1600668
1600673
1600674
1600675
1600677
1600680
1600684
1600688
1600690
1600692
1600694
1600696
1600699
1600702
1600703
1600704
1600705
1600707
1600711
1600716
1600717
1600718
1600720
1600728
1600729
1600730
1600737
1600739
1600740
1600741
1600742
1600743
1600744
1600747
1600748
1600750
1600751
1600755
1600756
1600757
1600759
1600761
1600765
1600770
1600771
1600773
1600775
1600776
1600777
1600783
1600787
1600789
1600790
1600795
1600797
1600800
1600801
1600802
1600804
1600805
1600807
1600808
1600809
1600811
1600815
1600816
1600820
1600823
1600825
1600826
1600827
1600830
1600831
1600835
1600837
1600838
1600839
1600844
1600846
1600851
1600855
1600859
1600863
1600867
1600868
1600872
1600873
1600874
1600875
1600877
1600879
1600880
1600881
1600884
1600886
1600887
1600893
1600894
1600895
1600900
1600967
1600970
1600971
1600976
1600978
1600987
1600993
1600998
1600999
1601000
1601001
1601002
1601005
1601006
1601009
1601012
1601018
1601038
1601088
1601098
1601099
1601101
1601106
1601111
1601117
1601118
1601139
1601158
1601166
1601168
1601169
1601179
1601186
1601216
1601218
1601225
1601231
1601238
1601258
1601288
1601311
1601318
1601328
1601333
1601336
1601369
1601377
1601388
1601390
1601398
1601519
1601555
1601600
1601601
1601607
1601608
1601618
1601628
1601633
1601666
1601668
1601669
1601678
1601688
1601699
1601717
1601718
1601727
1601766
1601777
1601788
1601789
1601800
1601801
1601808
1601818
1601857
1601866
1601872
1601877
1601880
1601886
1601888
1601898
1601899
1601901
1601918
1601919
1601928
1601929
1601933
1601939
1601958
1601988
1601989
1601991
1601992
1601996
1601998
1601999
1603000
1603993
#深港通SZ
0000001
0000002
0000005
0000006
0000008
0000009
0000012
0000018
0000021
0000027
0000028
0000029
0000030
0000031
0000034
0000035
0000036
0000039
0000042
0000046
0000049
0000050
0000055
0000058
0000059
0000060
0000061
0000062
0000063
0000065
0000066
0000068
0000069
0000070
0000078
0000088
0000089
0000090
0000096
0000099
0000100
0000150
0000156
0000157
0000158
0000166
0000333
0000338
0000400
0000402
0000413
0000415
0000417
0000418
0000423
0000425
0000426
0000428
0000488
0000498
0000501
0000503
0000506
0000513
0000514
0000516
0000517
0000518
0000519
0000525
0000528
0000531
0000533
0000536
0000538
0000539
0000540
0000541
0000543
0000547
0000550
0000552
0000555
0000558
0000559
0000561
0000563
0000564
0000566
0000568
0000572
0000576
0000581
0000582
0000584
0000585
0000587
0000591
0000592
0000596
0000598
0000600
0000601
0000603
0000607
0000612
0000616
0000620
0000623
0000625
0000627
0000630
0000631
0000636
0000650
0000651
0000656
0000657
0000661
0000665
0000666
0000667
0000669
0000671
0000673
0000676
0000681
0000683
0000685
0000686
0000687
0000688
0000690
0000697
0000700
0000701
0000703
0000709
0000712
0000718
0000719
0000722
0000725
0000726
0000727
0000728
0000729
0000732
0000733
0000735
0000738
0000739
0000750
0000751
0000756
0000758
0000761
0000762
0000766
0000767
0000768
0000776
0000777
0000778
0000783
0000786
0000792
0000793
0000795
0000796
0000797
0000799
0000800
0000801
0000802
0000806
0000807
0000810
0000815
0000816
0000819
0000821
0000825
0000826
0000828
0000829
0000830
0000838
0000839
0000848
0000851
0000858
0000860
0000861
0000863
0000869
0000875
0000876
0000878
0000881
0000882
0000883
0000887
0000888
0000889
0000893
0000895
0000897
0000898
0000900
0000901
0000902
0000903
0000908
0000910
0000915
0000917
0000919
0000920
0000921
0000925
0000926
0000928
0000930
0000936
0000937
0000938
0000939
0000957
0000958
0000959
0000960
0000961
0000963
0000965
0000966
0000969
0000970
0000971
0000973
0000975
0000977
0000979
0000983
0000987
0000988
0000989
0000990
0000997
0000998
0000999
0001696
0001979
0002001
0002002
0002004
0002005
0002007
0002008
0002010
0002011
0002013
0002016
0002018
0002019
0002020
0002022
0002023
0002024
0002025
0002027
0002028
0002029
0002030
0002031
0002032
0002035
0002036
0002038
0002041
0002042
0002043
0002044
0002047
0002048
0002049
0002050
0002051
0002052
0002055
0002056
0002063
0002064
0002065
0002067
0002070
0002071
0002073
0002074
0002075
0002078
0002079
0002080
0002081
0002085
0002086
0002089
0002090
0002091
0002092
0002093
0002094
0002095
0002097
0002099
0002100
0002104
0002106
0002108
0002111
0002114
0002117
0002118
0002121
0002122
0002123
0002126
0002127
0002128
0002129
0002130
0002131
0002135
0002137
0002138
0002139
0002140
0002142
0002143
0002145
0002146
0002151
0002152
0002153
0002155
0002156
0002157
0002161
0002168
0002169
0002170
0002171
0002172
0002174
0002175
0002176
0002177
0002178
0002179
0002180
0002182
0002183
0002185
0002190
0002191
0002192
0002194
0002195
0002197
0002202
0002203
0002204
0002206
0002210
0002212
0002215
0002216
0002217
0002221
0002222
0002223
0002224
0002226
0002227
0002229
0002230
0002233
0002236
0002237
0002238
0002239
0002241
0002242
0002244
0002245
0002249
0002250
0002251
0002252
0002253
0002254
0002256
0002260
0002261
0002262
0002263
0002266
0002267
0002268
0002269
0002271
0002273
0002274
0002275
0002276
0002277
0002279
0002280
0002281
0002283
0002284
0002285
0002287
0002288
0002292
0002293
0002294
0002296
0002298
0002299
0002301
0002302
0002303
0002304
0002305
0002308
0002309
0002310
0002311
0002314
0002315
0002317
0002318
0002320
0002322
0002324
0002325
0002326
0002327
0002329
0002332
0002334
0002335
0002338
0002339
0002340
0002341
0002343
0002344
0002345
0002348
0002349
0002352
0002353
0002354
0002355
0002358
0002364
0002366
0002367
0002368
0002371
0002372
0002373
0002375
0002376
0002378
0002383
0002384
0002385
0002387
0002389
0002390
0002392
0002393
0002396
0002399
0002400
0002402
0002405
0002407
0002408
0002410
0002411
0002413
0002414
0002415
0002416
0002418
0002419
0002421
0002422
0002424
0002425
0002426
0002427
0002428
0002429
0002431
0002432
0002433
0002434
0002436
0002437
0002439
0002440
0002441
0002443
0002444
0002445
0002446
0002447
0002448
0002449
0002450
0002454
0002456
0002458
0002460
0002461
0002462
0002463
0002464
0002465
0002466
0002467
0002468
0002470
0002471
0002474
0002475
0002477
0002479
0002480
0002481
0002482
0002484
0002488
0002489
0002491
0002493
0002496
0002497
0002498
0002500
0002501
0002502
0002503
0002504
0002505
0002508
0002509
0002510
0002512
0002516
0002517
0002518
0002519
0002522
0002527
0002528
0002531
0002533
0002538
0002539
0002540
0002542
0002544
0002546
0002547
0002550
0002551
0002554
0002555
0002556
0002557
0002563
0002567
0002568
0002570
0002572
0002573
0002574
0002577
0002581
0002583
0002586
0002588
0002589
0002590
0002594
0002595
0002596
0002600
0002601
0002602
0002603
0002604
0002605
0002609
0002610
0002612
0002614
0002618
0002619
0002622
0002624
0002625
0002626
0002630
0002631
0002635
0002636
0002638
0002640
0002642
0002643
0002646
0002649
0002650
0002651
0002653
0002654
0002657
0002658
0002662
0002663
0002664
0002665
0002668
0002670
0002672
0002673
0002675
0002678
0002681
0002685
0002690
0002695
0002697
0002698
0002699
0002701
0002703
0002707
0002709
0002711
0002714
0002716
0002717
0002721
0002722
0002727
0002736
0002737
0002739
0002741
0002745
0002751
0002752
0002766
0002769
0002773
0002782
0002786
0002791
0002792
0002797
0002801
0002802
0300001
0300002
0300003
0300004
0300005
0300006
0300007
0300009
0300010
0300011
0300012
0300014
0300015
0300016
0300017
0300020
0300024
0300026
0300027
0300031
0300032
0300033
0300034
0300036
0300037
0300039
0300043
0300045
0300047
0300048
0300049
0300051
0300053
0300054
0300055
0300056
0300057
0300058
0300059
0300064
0300065
0300066
0300068
0300070
0300071
0300072
0300073
0300075
0300077
0300078
0300079
0300081
0300083
0300085
0300088
0300090
0300096
0300097
0300098
0300100
0300101
0300104
0300109
0300110
0300113
0300115
0300116
0300118
0300122
0300124
0300128
0300131
0300133
0300134
0300136
0300142
0300144
0300145
0300146
0300147
0300148
0300151
0300153
0300155
0300156
0300157
0300159
0300160
0300166
0300168
0300170
0300171
0300177
0300178
0300182
0300183
0300185
0300187
0300188
0300191
0300197
0300199
0300202
0300203
0300204
0300205
0300207
0300212
0300215
0300216
0300221
0300222
0300223
0300224
0300226
0300228
0300229
0300231
0300236
0300238
0300244
0300247
0300248
0300251
0300252
0300253
0300255
0300256
0300257
0300262
0300263
0300266
0300267
0300269
0300271
0300273
0300274
0300276
0300284
0300285
0300287
0300288
0300291
0300292
0300294
0300295
0300296
0300297
0300298
0300300
0300302
0300303
0300307
0300310
0300311
0300314
0300315
0300316
0300317
0300322
0300324
0300327
0300332
0300333
0300336
0300337
0300339
0300343
0300347
0300348
0300351
0300352
0300353
0300355
0300359
0300363
0300364
0300367
0300368
0300369
0300373
0300376
0300377
0300378
0300379
0300383
0300386
0300392
0300406
0300408
0300409
0300413
0300418
0300431
0300432
0300433
0300438
0300439
0300443
0300451
0300458
0300459
0300463
0300465
0300467
0300474
0300476
0300481
0300484
0300485
0300494
0300495
0300496
0300498
0300502
0300503
0300506
0300507
0300508
0300511
0300512
0300516
0300518
#跨市场ETF
1510300
1510310
1510330
1510360
1510500
1510510
1510520
1510560
1510580
1512000
1512010
1512070
1512100
1512120
1512210
1512220
1512230
1512300
1512310
1512330
1512340
1512500
1512510
1512580
1512600
1512610
1512640
1512660
1512680
1512810
1512880
1512900
1512990
